36 6 1
33 114 1
33 112 1
34 15 1
39 98 1
39 100 1
39 101 1
39 81 1
39 102 1
37 38 1
38 29 1
38 21 1
43 116 1
42 49 1
41 110 1
41 91 1
41 81 1
41 101 1
40 91 1
40 119 1
40 117 1
22 34 1
22 54 1
22 122 1
22 99 1
23 54 1
23 73 1
23 122 1
23 34 1
23 99 1
24 42 1
25 112 1
25 46 1
25 50 1
25 65 1
26 113 1
26 22 1
27 84 1
27 90 1
27 2 1
27 85 1
28 74 1
28 102 1
28 1 1
28 91 1
29 21 1
29 24 1
3 21 1
2 90 1
2 88 1
1 74 1
1 102 1
1 91 1
1 81 1
1 101 1
0 8 1
0 81 1
0 70 1
0 123 1
30 101 1
30 74 1
30 1 1
7 103 1
7 65 1
6 66 1
6 14 1
6 67 1
32 101 1
32 81 1
32 30 1
5 9 1
5 65 1
5 46 1
31 24 1
31 3 1
31 21 1
4 73 1
4 22 1
4 15 1
9 112 1
9 65 1
8 123 1
8 81 1
8 91 1
8 102 1
19 33 1
17 39 1
17 1 1
17 20 1
17 102 1
17 74 1
18 84 1
18 90 1
18 2 1
18 85 1
15 111 1
15 35 1
15 117 1
16 94 1
16 119 1
16 117 1
13 113 1
13 20 1
13 78 1
14 66 1
11 94 1
11 119 1
11 117 1
12 10 1
12 54 1
12 112 1
12 71 1
12 69 1
21 24 1
20 1 1
20 102 1
20 113 1
20 30 1
20 98 1
109 39 1
109 100 1
109 102 1
108 112 1
108 122 1
108 54 1
107 14 1
106 102 1
106 101 1
106 123 1
106 98 1
106 109 1
105 98 1
105 100 1
105 81 1
105 102 1
105 101 1
104 111 1
103 14 1
99 62 1
99 54 1
101 102 1
101 81 1
101 98 1
101 109 1
101 100 1
100 81 1
100 102 1
98 102 1
98 109 1
98 100 1
97 109 1
97 30 1
96 49 1
96 24 1
95 103 1
95 9 1
95 71 1
95 50 1
95 48 1
94 117 1
94 119 1
94 102 1
94 91 1
93 89 1
93 103 1
92 22 1
92 113 1
91 111 1
91 81 1
91 102 1
10 123 1
10 69 1
10 112 1
10 61 1
88 90 1
88 84 1
89 7 1
89 103 1
116 112 1
79 21 1
79 29 1
78 1 1
78 63 1
78 122 1
115 22 1
115 54 1
115 62 1
77 8 1
77 81 1
77 70 1
77 123 1
112 123 1
112 61 1
112 64 1
113 102 1
113 91 1
113 101 1
113 98 1
113 100 1
110 81 1
110 101 1
110 30 1
118 116 1
118 112 1
118 61 1
119 117 1
119 91 1
119 102 1
82 83 1
83 67 1
80 119 1
80 94 1
81 102 1
86 102 1
86 101 1
86 91 1
86 100 1
86 98 1
87 2 1
87 85 1
87 88 1
87 90 1
87 94 1
84 2 1
84 90 1
85 2 1
85 84 1
85 88 1
85 90 1
67 14 1
66 67 1
66 123 1
69 54 1
68 54 1
121 54 1
121 21 1
122 54 1
122 112 1
123 69 1
70 8 1
70 123 1
70 101 1
120 122 1
71 10 1
71 61 1
71 69 1
71 112 1
72 8 1
72 81 1
72 102 1
72 111 1
73 35 1
73 22 1
73 13 1
73 78 1
73 34 1
74 102 1
74 81 1
74 8 1
75 93 1
76 12 1
76 112 1
76 61 1
76 71 1
59 61 1
59 10 1
59 71 1
59 76 1
59 112 1
58 21 1
58 60 1
58 24 1
57 123 1
57 8 1
56 90 1
56 2 1
56 87 1
56 88 1
56 84 1
55 102 1
55 91 1
55 94 1
55 117 1
64 10 1
64 71 1
64 61 1
65 112 1
65 64 1
62 112 1
62 122 1
62 54 1
63 54 1
63 1 1
60 38 1
60 21 1
61 123 1
61 69 1
48 50 1
48 61 1
48 71 1
48 103 1
45 46 1
45 65 1
45 50 1
45 9 1
45 5 1
44 14 1
44 89 1
47 51 1
47 1 1
47 102 1
47 91 1
47 74 1
46 65 1
46 9 1
51 28 1
51 91 1
51 1 1
51 74 1
51 8 1
52 29 1
52 42 1
52 96 1
52 21 1
53 117 1
53 94 1
53 91 1
53 102 1
54 8 1
54 102 1
50 9 1
50 65 1
50 112 1
50 5 1
50 46 1
124 2 0.7758321600630497
124 87 0.6811363129437534
124 121 0.7790058609308077
125 11 0.8393773484317261
125 15 0.8305265309001308
125 16 0.8740567983611452
125 19 0.7977076427662549
125 53 0.8157848976067991
125 55 0.8731617427340421
125 68 0.7807829121434293
125 72 0.7658276778995013
125 81 0.8664356066047839
125 86 0.8457098011168139
125 91 0.8989748263826334
125 111 0.8610821970199898
125 113 0.8328459908947144
125 114 0.8590516815436192
125 117 0.7650730542825208
125 119 0.8768432775305818
126 0 0.7941534211688371
126 6 0.8246211773979809
126 18 0.7240485664574781
126 39 0.8584391974984551
126 40 0.714383970749179
126 57 0.8420951987647879
126 66 0.8002476306529531
126 71 0.8073938842256019
126 77 0.7976884683938167
126 94 0.7732901373716612
126 98 0.7926403347009342
126 100 0.8144507563692421
126 101 0.8414806783699756
126 102 0.5508754070165339
126 105 0.843273131750204
126 109 0.8192069624611533
126 112 0.8411745310827945
126 120 0.6654220798637738
126 123 0.8284875486919149
127 8 0.8270961273915847
127 9 0.877285626683598
127 10 0.8770305596000469
127 12 0.8949645219940786
127 17 0.8477158756533587
127 21 0.5198026257222994
127 24 0.8678554570425819
127 26 0.8316632293541795
127 29 0.8921765141564844
127 30 0.8470431169155105
127 32 0.8487906306564869
127 33 0.841547586116023
127 37 0.820665552961628
127 38 0.824897481313266
127 41 0.8090365602909759
127 43 0.8881744956829477
127 48 0.8461069364789424
127 54 0.8046511792730909
127 61 0.79669129511171
127 62 0.8621174282990413
127 65 0.8255355806540764
127 69 0.8191228568306665
127 75 0.8355227341689055
127 76 0.8463553067921757
127 79 0.8698504374571913
127 83 0.7742718472462347
127 92 0.8444801861140732
127 95 0.8631601137217558
127 99 0.8160322423090973
127 104 0.8148155054908035
127 108 0.8560684721978176
127 110 0.8659343090531807
127 115 0.8017923676295624
127 118 0.8853855790377196
127 122 0.8616757527303386
128 1 0.8101251028605665
128 4 0.8252583864310933
128 22 0.8250625135410322
128 23 0.8511390416591161
128 28 0.8525608016999959
128 31 0.7894895705713585
128 34 0.8408531305479049
128 42 0.8245905141004103
128 47 0.8029136724185914
128 49 0.8280827135822155
128 52 0.8884681788881562
128 59 0.8269221451365906
128 64 0.8670811447424156
128 70 0.8383260219019925
128 80 0.8102719369645459
128 116 0.8153440896417885
129 3 0.7790491505609567
129 7 0.8078632755078322
129 13 0.8573912541935529
129 35 0.8229538992656841
129 51 0.8178969826380805
129 56 0.7832413216960139
129 63 0.8140068956496401
129 73 0.8758625819383901
129 74 0.8504001296640392
129 78 0.8903436368041258
129 96 0.872570435126565
130 84 0.7919918637146343
130 85 0.7921343746783979
130 88 0.7117769459793514
131 5 0.8554095940719847
131 14 0.7539393908930945
131 20 0.8252053555673943
131 25 0.8619799247775934
131 27 0.805023126872962
131 36 0.8633565160989976
131 44 0.8143635669911385
131 45 0.777830077430543
131 46 0.7291533623639955
131 50 0.8669888464038565
131 58 0.7692888601723054
131 60 0.600916443102947
131 67 0.82335134790214
131 82 0.7614274103117832
131 89 0.8087448720699718
131 90 0.782247988415311
131 93 0.8076441546270741
131 97 0.7855685442975275
131 103 0.8388940973437825
131 106 0.6694817791813531
131 107 0.7855405125096524